10000 -410.7 0
10000 -410.7 -0.371467
9999.96 -410.698 -0.371467
9999.89 -410.695 -0.742933
9999.78 -410.691 -1.1144
9999.63 -410.685 -1.48586
9999.44 -410.677 -1.85731
9999.22 -410.668 -2.22876
9998.96 -410.657 -2.6002
9998.66 -410.645 -2.97164
9998.33 -410.631 -3.34306
9997.96 -410.616 -3.71446
9997.55 -410.599 -4.08586
9997.1 -410.581 -4.45724
9996.62 -410.561 -4.8286
9996.1 -410.54 -5.19994
9995.54 -410.517 -5.57126
9994.95 -410.493 -5.94256
9994.32 -410.467 -6.31384
9993.65 -410.44 -6.6851
9992.94 -410.411 -7.05632
9992.2 -410.38 -7.42753
9991.42 -410.348 -7.7987
9990.6 -410.315 -8.16984
9989.75 -410.28 -8.54095
9988.86 -410.243 -8.91203
9987.93 -410.205 -9.28307
9986.96 -410.166 -9.65408
9985.96 -410.124 -10.025
9984.92 -410.082 -10.396
9983.85 -410.038 -10.7669
9982.73 -409.992 -11.1377
9981.58 -409.945 -11.5085
9980.39 -409.896 -11.8793
9979.17 -409.846 -12.25
9977.91 -409.794 -12.6206
9976.61 -409.741 -12.9913
9975.27 -409.686 -13.3618
9973.9 -409.63 -13.7323
9972.49 -409.572 -14.1028
9971.04 -409.513 -14.4732
9969.56 -409.452 -14.8435
9968.03 -409.389 -15.2138
9966.48 -409.326 -15.584
9964.88 -409.26 -15.9542
9963.25 -409.193 -16.3243
9961.58 -409.125 -16.6943
9959.87 -409.055 -17.0643
9958.13 -408.983 -17.4342
9956.35 -408.91 -17.8041
9954.53 -408.836 -18.1738
9952.68 -408.76 -18.5435
9950.79 -408.682 -18.9131
9948.86 -408.603 -19.2827
9946.89 -408.523 -19.6522
9944.89 -408.44 -20.0215
9942.85 -408.357 -20.3909
9940.77 -408.272 -20.7601
9938.66 -408.185 -21.1292
9936.51 -408.097 -21.4983
9934.32 -408.007 -21.8673
9932.1 -407.916 -22.2362
9929.84 -407.823 -22.605
9927.54 -407.729 -22.9737
9925.21 -407.634 -23.3423
9922.84 -407.536 -23.7109
9920.43 -407.438 -24.0793
9917.99 -407.337 -24.4476
9915.5 -407.236 -24.8159
9912.99 -407.132 -25.184
9910.43 -407.028 -25.5521
9907.84 -406.921 -25.92
9905.21 -406.814 -26.2879
9902.54 -406.704 -26.6556
9899.84 -406.593 -27.0232
9897.1 -406.481 -27.3908
9894.33 -406.367 -27.7582
9891.51 -406.252 -28.1255
9888.66 -406.135 -28.4927
9885.78 -406.017 -28.8598
9882.86 -405.897 -29.2267
9879.9 -405.776 -29.5936
9876.9 -405.653 -29.9603
9873.87 -405.529 -30.3269
9870.8 -405.403 -30.6934
9867.69 -405.275 -31.0598
9864.55 -405.147 -31.426
9861.37 -405.016 -31.7921
9858.16 -404.884 -32.1581
9854.9 -404.751 -32.524
9851.61 -404.616 -32.8897
9848.29 -404.48 -33.2553
9844.93 -404.342 -33.6208
9841.53 -404.203 -33.9861
9838.09 -404.062 -34.3513
9834.62 -403.919 -34.7164
9831.11 -403.776 -35.0813
9827.57 -403.63 -35.4461
9823.99 -403.483 -35.8107
9820.37 -403.335 -36.1752
9816.72 -403.185 -36.5396
9813.02 -403.034 -36.9038
9809.3 -402.881 -37.2679
9805.54 -402.727 -37.6318
9801.74 -402.571 -37.9955
9797.9 -402.414 -38.3591
9794.03 -402.255 -38.7226
9790.12 -402.095 -39.0859
9786.17 -401.933 -39.449
9782.19 -401.77 -39.812
9778.18 -401.605 -40.1748
9774.12 -401.439 -40.5375
9770.03 -401.271 -40.9
9765.91 -401.102 -41.2623
9761.74 -400.931 -41.6244
9757.54 -400.759 -41.9864
9753.31 -400.586 -42.3483
9749.04 -400.411 -42.7099
9744.73 -400.234 -43.0714
9740.39 -400.056 -43.4327
9736.01 -399.876 -43.7939
9731.59 -399.695 -44.1548
9727.14 -399.513 -44.5156
9722.65 -399.329 -44.8762
9718.13 -399.143 -45.2366
9713.57 -398.956 -45.5968
9708.97 -398.768 -45.9569
9704.34 -398.578 -46.3168
9699.68 -398.387 -46.6764
9694.97 -398.194 -47.0359
9690.23 -398 -47.3952
9685.46 -397.804 -47.7543
9680.65 -397.606 -48.1132
9675.8 -397.408 -48.472
9670.92 -397.208 -48.8305
9666 -397.006 -49.1888
9661.04 -396.803 -49.5469
9656.05 -396.598 -49.9049
9651.03 -396.392 -50.2626
9645.96 -396.184 -50.6201
9640.87 -395.975 -50.9774
9635.73 -395.765 -51.3345
9630.56 -395.553 -51.6914
9625.36 -395.34 -52.0481
9620.12 -395.125 -52.4046
9614.84 -394.908 -52.7608
9609.53 -394.691 -53.1169
9604.18 -394.471 -53.4727
9598.8 -394.251 -53.8283
9593.38 -394.029 -54.1837
9587.93 -393.805 -54.5389
9582.44 -393.58 -54.8938
9576.91 -393.353 -55.2485
9571.35 -393.125 -55.603
9565.76 -392.896 -55.9573
9560.13 -392.665 -56.3113
9554.46 -392.433 -56.6651
9548.76 -392.199 -57.0187
9543.02 -391.964 -57.3721
9537.25 -391.727 -57.7252
9531.44 -391.489 -58.0781
9525.6 -391.249 -58.4307
9519.72 -391.008 -58.7831
9513.81 -390.766 -59.1352
9507.86 -390.522 -59.4872
9501.87 -390.277 -59.8388
9495.85 -390.03 -60.1903
9489.8 -389.782 -60.5414
9483.71 -389.532 -60.8924
9477.59 -389.281 -61.243
9471.43 -389.028 -61.5935
9465.23 -388.775 -61.9436
9459 -388.519 -62.2935
9452.74 -388.262 -62.6432
9446.44 -388.004 -62.9926
9440.1 -387.744 -63.3417
9433.74 -387.483 -63.6906
9427.33 -387.221 -64.0392
9420.89 -386.957 -64.3876
9414.42 -386.691 -64.7357
9407.91 -386.424 -65.0835
9401.37 -386.156 -65.4311
9394.79 -385.886 -65.7783
9388.18 -385.615 -66.1254
9381.53 -385.343 -66.4721
9374.85 -385.069 -66.8185
9368.13 -384.793 -67.1647
9361.38 -384.517 -67.5106
9354.6 -384.238 -67.8563
9347.78 -383.959 -68.2016
9340.92 -383.678 -68.5467
9334.03 -383.395 -68.8914
9327.11 -383.111 -69.2359
9320.15 -382.826 -69.5801
9313.16 -382.539 -69.9241
9306.13 -382.251 -70.2677
9299.07 -381.962 -70.611
9291.97 -381.671 -70.954
9284.84 -381.379 -71.2968
9277.68 -381.085 -71.6392
9270.48 -380.79 -71.9814
9263.25 -380.493 -72.3232
9255.98 -380.195 -72.6648
9248.68 -379.896 -73.006
9241.35 -379.595 -73.3469
9233.98 -379.293 -73.6876
9226.58 -378.99 -74.0279
9219.14 -378.685 -74.3679
9211.67 -378.378 -74.7076
9204.16 -378.071 -75.047
9196.63 -377.762 -75.3861
9189.05 -377.451 -75.7248
9181.45 -377.139 -76.0633
9173.81 -376.826 -76.4014
9166.13 -376.511 -76.7392
9158.43 -376.195 -77.0766
9150.68 -375.878 -77.4138
9142.91 -375.559 -77.7506
9135.1 -375.239 -78.0871
9127.26 -374.918 -78.4233
9119.38 -374.595 -78.7592
9111.47 -374.27 -79.0947
9103.53 -373.945 -79.4298
9095.55 -373.618 -79.7647
9087.54 -373.289 -80.0992
9079.5 -372.959 -80.4334
9071.42 -372.628 -80.7672
9063.31 -372.296 -81.1007
9055.17 -371.962 -81.4338
9046.99 -371.627 -81.7666
9038.78 -371.29 -82.0991
9030.54 -370.952 -82.4312
9022.26 -370.613 -82.763
9013.95 -370.272 -83.0944
9005.61 -369.93 -83.4254
8997.24 -369.587 -83.7561
8988.83 -369.242 -84.0865
8980.39 -368.896 -84.4165
8971.91 -368.548 -84.7461
8963.4 -368.2 -85.0754
8954.86 -367.849 -85.4043
8946.29 -367.498 -85.7329
8937.68 -367.145 -86.061
8929.05 -366.791 -86.3889
8920.37 -366.435 -86.7163
8911.67 -366.078 -87.0434
8902.93 -365.72 -87.3701
8894.16 -365.361 -87.6965
8885.36 -365 -88.0224
8876.53 -364.638 -88.348
8867.66 -364.274 -88.6732
8858.76 -363.909 -88.9981
8849.83 -363.543 -89.3225
8840.86 -363.175 -89.6466
8831.86 -362.806 -89.9703
8822.83 -362.436 -90.2936
8813.77 -362.065 -90.6165
8804.68 -361.692 -90.939
8795.55 -361.318 -91.2611
8786.4 -360.942 -91.5829
8777.2 -360.565 -91.9042
8767.98 -360.187 -92.2252
8758.73 -359.808 -92.5458
8749.44 -359.427 -92.8659
8740.12 -359.045 -93.1857
8730.77 -358.662 -93.5051
8721.39 -358.277 -93.824
8711.98 -357.891 -94.1426
8702.53 -357.504 -94.4607
8693.05 -357.115 -94.7785
8683.54 -356.725 -95.0958
8674 -356.334 -95.4127
8664.43 -355.942 -95.7293
8654.82 -355.548 -96.0454
8645.19 -355.153 -96.3611
8635.52 -354.756 -96.6763
8625.82 -354.359 -96.9912
8616.09 -353.96 -97.3056
8606.33 -353.559 -97.6196
8596.53 -353.158 -97.9332
8586.71 -352.755 -98.2464
8576.85 -352.351 -98.5591
8566.97 -351.946 -98.8714
8557.05 -351.539 -99.1833
8547.1 -351.131 -99.4947
8537.12 -350.722 -99.8058
8527.11 -350.311 -100.116
8517.06 -349.9 -100.426
8506.99 -349.487 -100.736
8496.89 -349.072 -101.045
8486.75 -348.657 -101.354
8476.58 -348.24 -101.663
8466.39 -347.822 -101.971
8456.16 -347.403 -102.278
8445.9 -346.982 -102.585
8435.61 -346.56 -102.892
8425.29 -346.137 -103.198
8414.94 -345.713 -103.504
8404.56 -345.287 -103.809
8394.15 -344.86 -104.114
8383.71 -344.432 -104.418
8373.23 -344.003 -104.722
8362.73 -343.572 -105.025
8352.2 -343.14 -105.328
8341.64 -342.707 -105.631
8331.04 -342.273 -105.933
8320.42 -341.837 -106.235
8309.77 -341.4 -106.536
8299.08 -340.962 -106.836
8288.37 -340.523 -107.136
8277.63 -340.083 -107.436
8266.85 -339.641 -107.735
8256.05 -339.198 -108.034
8245.22 -338.754 -108.332
8234.35 -338.308 -108.63
8223.46 -337.862 -108.928
8212.54 -337.414 -109.224
8201.58 -336.965 -109.521
8190.6 -336.515 -109.817
8179.59 -336.063 -110.112
8168.55 -335.611 -110.407
8157.48 -335.157 -110.701
8146.38 -334.702 -110.995
8135.25 -334.245 -111.289
8124.09 -333.788 -111.582
8112.91 -333.329 -111.874
8101.69 -332.869 -112.166
8090.44 -332.408 -112.458
8079.17 -331.946 -112.748
8067.87 -331.483 -113.039
8056.53 -331.018 -113.329
8045.17 -330.552 -113.618
8033.78 -330.085 -113.907
8022.36 -329.617 -114.196
8010.91 -329.147 -114.484
7999.44 -328.677 -114.771
7987.93 -328.205 -115.058
7976.4 -327.732 -115.344
7964.83 -327.258 -115.63
7953.24 -326.783 -115.916
7941.62 -326.306 -116.201
7929.97 -325.829 -116.485
7918.3 -325.35 -116.769
7906.59 -324.87 -117.052
7894.86 -324.389 -117.335
7883.09 -323.907 -117.617
7871.31 -323.424 -117.899
7859.49 -322.939 -118.18
7847.64 -322.453 -118.461
7835.77 -321.966 -118.741
7823.86 -321.478 -119.02
7811.93 -320.989 -119.299
7799.98 -320.499 -119.578
7787.99 -320.008 -119.856
7775.98 -319.515 -120.133
7763.94 -319.021 -120.41
7751.87 -318.527 -120.687
7739.77 -318.031 -120.963
7727.65 -317.534 -121.238
7715.5 -317.035 -121.513
7703.32 -316.536 -121.787
7691.11 -316.036 -122.061
7678.88 -315.534 -122.334
7666.62 -315.031 -122.606
7654.33 -314.528 -122.878
7642.02 -314.023 -123.15
7629.67 -313.517 -123.421
7617.3 -313.009 -123.691
7604.91 -312.501 -123.961
7592.49 -311.992 -124.23
7580.04 -311.481 -124.499
7567.56 -310.97 -124.767
7555.06 -310.457 -125.034
7542.53 -309.944 -125.301
7529.97 -309.429 -125.568
7517.39 -308.913 -125.834
7504.78 -308.396 -126.099
7492.14 -307.878 -126.363
7479.48 -307.359 -126.628
7466.79 -306.838 -126.891
7454.07 -306.317 -127.154
7441.33 -305.795 -127.417
7428.56 -305.271 -127.678
7415.77 -304.746 -127.94
7402.95 -304.221 -128.2
7390.1 -303.694 -128.46
7377.23 -303.166 -128.72
7364.33 -302.638 -128.979
7351.41 -302.108 -129.237
7338.46 -301.577 -129.495
7325.48 -301.045 -129.752
7312.48 -300.512 -130.009
7299.46 -299.978 -130.265
7286.4 -299.443 -130.52
7273.33 -298.906 -130.775
7260.22 -298.369 -131.029
7247.1 -297.831 -131.283
7233.94 -297.292 -131.536
7220.76 -296.751 -131.788
7207.56 -296.21 -132.04
7194.33 -295.668 -132.291
7181.08 -295.124 -132.542
7167.8 -294.58 -132.792
7154.49 -294.034 -133.041
7141.16 -293.488 -133.29
7127.81 -292.94 -133.538
7114.43 -292.392 -133.785
7101.03 -291.842 -134.032
7087.6 -291.292 -134.279
7074.15 -290.74 -134.524
7060.67 -290.188 -134.769
7047.17 -289.634 -135.014
7033.64 -289.079 -135.258
7020.09 -288.524 -135.501
7006.52 -287.967 -135.744
6992.92 -287.41 -135.986
6979.3 -286.851 -136.227
6965.65 -286.292 -136.468
6951.98 -285.731 -136.708
6938.29 -285.17 -136.947
6924.57 -284.607 -137.186
6910.82 -284.044 -137.425
6897.06 -283.479 -137.662
6883.27 -282.914 -137.899
6869.46 -282.348 -138.136
6855.62 -281.78 -138.371
6841.76 -281.212 -138.606
6827.87 -280.643 -138.841
6813.97 -280.073 -139.075
6800.04 -279.501 -139.308
6786.08 -278.929 -139.54
6772.1 -278.356 -139.772
6758.1 -277.782 -140.003
6744.08 -277.207 -140.234
6730.03 -276.631 -140.464
6715.96 -276.055 -140.693
6701.87 -275.477 -140.922
6687.76 -274.898 -141.15
6673.62 -274.318 -141.377
6659.46 -273.738 -141.604
6645.28 -273.156 -141.83
6631.07 -272.574 -142.056
6616.84 -271.991 -142.28
6602.59 -271.406 -142.504
6588.32 -270.821 -142.728
6574.02 -270.235 -142.951
6559.71 -269.648 -143.173
6545.37 -269.06 -143.394
6531.01 -268.471 -143.615
6516.62 -267.882 -143.835
6502.22 -267.291 -144.055
6487.79 -266.699 -144.274
6473.34 -266.107 -144.492
6458.87 -265.514 -144.709
6444.38 -264.919 -144.926
6429.86 -264.324 -145.142
6415.33 -263.728 -145.358
6400.77 -263.132 -145.572
6386.19 -262.534 -145.787
6371.59 -261.935 -146
6356.97 -261.336 -146.213
6342.33 -260.735 -146.425
6327.66 -260.134 -146.636
6312.98 -259.532 -146.847
6298.27 -258.929 -147.057
6283.55 -258.325 -147.267
6268.8 -257.721 -147.475
6254.03 -257.115 -147.683
6239.24 -256.509 -147.891
6224.43 -255.902 -148.098
6209.6 -255.294 -148.304
6194.75 -254.685 -148.509
6179.88 -254.075 -148.713
6164.99 -253.464 -148.917
6150.08 -252.853 -149.121
6135.14 -252.241 -149.323
6120.19 -251.628 -149.525
6105.22 -251.014 -149.726
6090.23 -250.399 -149.927
6075.21 -249.784 -150.127
6060.18 -249.167 -150.326
6045.13 -248.55 -150.524
6030.06 -247.932 -150.722
6014.96 -247.314 -150.919
5999.85 -246.694 -151.115
5984.72 -246.074 -151.311
5969.57 -245.452 -151.506
5954.4 -244.83 -151.7
5939.21 -244.208 -151.894
5924 -243.584 -152.086
5908.77 -242.96 -152.279
5893.53 -242.335 -152.47
5878.26 -241.709 -152.661
5862.98 -241.082 -152.851
5847.67 -240.455 -153.04
5832.35 -239.826 -153.229
5817.01 -239.197 -153.417
5801.65 -238.568 -153.604
5786.27 -237.937 -153.79
5770.87 -237.306 -153.976
5755.45 -236.674 -154.161
5740.02 -236.041 -154.345
5724.57 -235.407 -154.529
5709.1 -234.773 -154.712
5693.61 -234.138 -154.894
5678.1 -233.502 -155.076
5662.57 -232.866 -155.257
5647.03 -232.228 -155.437
5631.47 -231.59 -155.616
5615.89 -230.951 -155.795
5600.29 -230.312 -155.973
5584.68 -229.672 -156.15
5569.04 -229.031 -156.326
5553.39 -228.389 -156.502
5537.73 -227.747 -156.677
5522.04 -227.104 -156.852
5506.34 -226.46 -157.025
5490.62 -225.815 -157.198
5474.88 -225.17 -157.37
5459.13 -224.524 -157.542
5443.36 -223.878 -157.712
5427.57 -223.23 -157.882
5411.76 -222.582 -158.052
5395.94 -221.934 -158.22
5380.1 -221.284 -158.388
5364.25 -220.634 -158.555
5348.37 -219.983 -158.722
5332.49 -219.332 -158.887
5316.58 -218.68 -159.052
5300.66 -218.027 -159.216
5284.72 -217.374 -159.38
5268.77 -216.719 -159.542
5252.8 -216.065 -159.704
5236.81 -215.409 -159.866
5220.81 -214.753 -160.026
5204.79 -214.096 -160.186
5188.75 -213.439 -160.345
5172.7 -212.781 -160.503
5156.64 -212.122 -160.661
5140.56 -211.463 -160.818
5124.46 -210.803 -160.974
5108.34 -210.142 -161.13
5092.22 -209.481 -161.284
5076.07 -208.819 -161.438
5059.91 -208.156 -161.591
5043.74 -207.493 -161.744
5027.55 -206.83 -161.896
5011.34 -206.165 -162.047
4995.13 -205.5 -162.197
4978.89 -204.835 -162.346
4962.64 -204.168 -162.495
4946.38 -203.501 -162.643
4930.1 -202.834 -162.79
4913.8 -202.166 -162.937
4897.5 -201.497 -163.083
4881.17 -200.828 -163.228
4864.84 -200.158 -163.372
4848.48 -199.488 -163.516
4832.12 -198.817 -163.659
4815.74 -198.145 -163.801
4799.34 -197.473 -163.942
4782.94 -196.8 -164.083
4766.51 -196.127 -164.223
4750.08 -195.453 -164.362
4733.63 -194.779 -164.5
4717.16 -194.104 -164.638
4700.69 -193.428 -164.775
4684.19 -192.752 -164.911
4667.69 -192.075 -165.047
4651.17 -191.398 -165.181
4634.64 -190.72 -165.315
4618.1 -190.042 -165.448
4601.54 -189.363 -165.581
4584.97 -188.684 -165.713
4568.38 -188.004 -165.844
4551.78 -187.323 -165.974
4535.17 -186.642 -166.103
4518.55 -185.961 -166.232
4501.92 -185.279 -166.36
4485.27 -184.596 -166.487
4468.6 -183.913 -166.614
4451.93 -183.229 -166.74
4435.24 -182.545 -166.865
4418.55 -181.86 -166.989
4401.83 -181.175 -167.113
4385.11 -180.49 -167.235
4368.37 -179.803 -167.357
4351.63 -179.117 -167.479
4334.87 -178.43 -167.599
4318.1 -177.742 -167.711
4301.32 -177.054 -167.794
4284.53 -176.366 -167.852
4267.74 -175.677 -167.883
4250.95 -174.989 -167.914
4234.16 -174.301 -167.896
4217.38 -173.612 -167.856
4200.6 -172.924 -167.793
4183.83 -172.237 -167.709
4167.07 -171.55 -167.604
4150.32 -170.863 -167.48
4133.58 -170.177 -167.337
4116.87 -169.492 -167.176
4100.17 -168.807 -166.997
4083.49 -168.123 -166.818
4066.82 -167.44 -166.605
4050.19 -166.758 -166.377
4033.57 -166.077 -166.134
4016.99 -165.396 -165.876
4000.43 -164.717 -165.604
3983.89 -164.04 -165.319
3967.39 -163.363 -165.022
3950.92 -162.688 -164.712
3934.48 -162.014 -164.39
3918.07 -161.341 -164.069
3901.7 -160.67 -163.724
3885.37 -160 -163.369
3869.06 -159.332 -163.004
3852.8 -158.665 -162.63
3836.58 -158 -162.247
3820.39 -157.336 -161.854
3804.25 -156.674 -161.453
3788.14 -156.014 -161.045
3772.08 -155.355 -160.628
3756.06 -154.698 -160.212
3740.08 -154.043 -159.781
3724.15 -153.39 -159.346
3708.25 -152.738 -158.913
3692.41 -152.089 -158.479
3676.6 -151.441 -158.047
3660.84 -150.794 -157.616
3645.12 -150.15 -157.185
3629.45 -149.507 -156.755
3613.81 -148.866 -156.325
3598.22 -148.227 -155.897
3582.68 -147.59 -155.469
3567.17 -146.954 -155.042
3551.71 -146.32 -154.616
3536.29 -145.688 -154.191
3520.92 -145.058 -153.766
3505.58 -144.429 -153.342
3490.29 -143.802 -152.919
3475.04 -143.177 -152.497
3459.83 -142.553 -152.075
3444.67 -141.931 -151.654
3429.54 -141.311 -151.234
3414.46 -140.693 -150.814
3399.42 -140.076 -150.396
3384.42 -139.461 -149.978
3369.47 -138.848 -149.561
3354.55 -138.237 -149.144
3339.68 -137.627 -148.728
3324.85 -137.019 -148.313
3310.06 -136.412 -147.899
3295.31 -135.808 -147.486
3280.6 -135.205 -147.073
3265.94 -134.603 -146.661
3251.31 -134.004 -146.25
3236.73 -133.406 -145.839
3222.19 -132.81 -145.429
3207.68 -132.215 -145.02
3193.22 -131.622 -144.612
3178.8 -131.031 -144.204
3164.42 -130.441 -143.797
3150.08 -129.853 -143.391
3135.78 -129.267 -142.986
3121.53 -128.683 -142.581
3107.31 -128.1 -142.177
3093.13 -127.518 -141.773
3078.99 -126.939 -141.371
3064.9 -126.361 -140.969
3050.84 -125.784 -140.568
3036.82 -125.21 -140.167
3022.85 -124.637 -139.767
3008.91 -124.065 -139.368
2995.01 -123.496 -138.97
2981.16 -122.927 -138.572
2967.34 -122.361 -138.175
2953.56 -121.796 -137.779
2939.82 -121.233 -137.383
2926.12 -120.671 -136.988
2912.46 -120.111 -136.594
2898.84 -119.553 -136.201
2885.26 -118.996 -135.808
2871.72 -118.441 -135.416
2858.22 -117.887 -135.024
2844.76 -117.335 -134.633
2831.33 -116.785 -134.243
2817.95 -116.236 -133.854
2804.6 -115.689 -133.465
2791.29 -115.143 -133.077
2778.02 -114.599 -132.69
2764.79 -114.057 -132.303
2751.6 -113.516 -131.917
2738.45 -112.976 -131.532
2725.33 -112.439 -131.147
2712.26 -111.903 -130.763
2699.22 -111.368 -130.38
2686.22 -110.835 -129.997
2673.26 -110.304 -129.615
2660.33 -109.774 -129.233
2647.45 -109.245 -128.853
2634.6 -108.719 -128.473
2621.79 -108.194 -128.093
2609.02 -107.67 -127.715
2596.29 -107.148 -127.336
2583.59 -106.627 -126.959
2570.93 -106.108 -126.582
2558.31 -105.591 -126.206
2545.73 -105.075 -125.831
2533.18 -104.561 -125.456
2520.68 -104.048 -125.081
2508.21 -103.536 -124.708
2495.77 -103.027 -124.335
2483.38 -102.518 -123.963
2471.02 -102.012 -123.591
2458.69 -101.506 -123.22
2446.41 -101.003 -122.849
2434.16 -100.501 -122.48
2421.95 -100 -122.11
2409.78 -99.5008 -121.742
2397.64 -99.0032 -121.374
2385.54 -98.5071 -121.007
2373.47 -98.0125 -120.64
2361.45 -97.5193 -120.274
2349.46 -97.0277 -119.908
2337.5 -96.5376 -119.544
2325.58 -96.0489 -119.179
2313.7 -95.5618 -118.816
2301.86 -95.0761 -118.453
2290.05 -94.592 -118.09
2278.28 -94.1093 -117.728
2266.54 -93.6281 -117.367
2254.84 -93.1484 -117.007
2243.17 -92.6701 -116.647
2231.54 -92.1933 -116.287
2219.95 -91.718 -115.928
2208.39 -91.2442 -115.57
2196.87 -90.7718 -115.213
2185.39 -90.3009 -114.856
2173.94 -89.8315 -114.499
2162.52 -89.3635 -114.143
2151.14 -88.8969 -113.788
2139.8 -88.4319 -113.433
2128.49 -87.9682 -113.079
2117.22 -87.5061 -112.726
2105.98 -87.0453 -112.373
2094.78 -86.5861 -112.02
2083.62 -86.1282 -111.668
2072.48 -85.6718 -111.317
2061.39 -85.2169 -110.966
2050.33 -84.7633 -110.616
2039.3 -84.3112 -110.267
2028.31 -83.8606 -109.918
2017.35 -83.4113 -109.569
2006.43 -82.9635 -109.221
1995.54 -82.5171 -108.874
1984.69 -82.0722 -108.527
1973.87 -81.6286 -108.181
1963.09 -81.1865 -107.836
1952.34 -80.7458 -107.49
1941.62 -80.3065 -107.146
1930.94 -79.8686 -106.802
1920.3 -79.4321 -106.458
1909.68 -78.9971 -106.115
1899.11 -78.5634 -105.773
1888.56 -78.1311 -105.431
1878.06 -77.7003 -105.09
1867.58 -77.2708 -104.749
1857.14 -76.8427 -104.409
1846.73 -76.416 -104.069
1836.36 -75.9907 -103.73
1826.02 -75.5668 -103.391
1815.71 -75.1443 -103.053
1805.44 -74.7232 -102.716
1795.21 -74.3034 -102.379
1785 -73.8851 -102.042
1774.83 -73.4681 -101.706
1764.69 -73.0524 -101.37
1754.59 -72.6382 -101.035
1744.52 -72.2253 -100.701
1734.48 -71.8138 -100.367
1724.48 -71.4037 -100.033
1714.51 -70.9949 -99.7005
1704.57 -70.5875 -99.3681
1694.67 -70.1814 -99.0361
1684.8 -69.7768 -98.7046
1674.96 -69.3734 -98.3736
1665.16 -68.9714 -98.0432
1655.39 -68.5708 -97.7132
1645.65 -68.1716 -97.3837
1635.94 -67.7736 -97.0547
1626.27 -67.3771 -96.7262
1616.63 -66.9818 -96.3982
1607.02 -66.5879 -96.0707
1597.45 -66.1954 -95.7436
1587.91 -65.8042 -95.417
1578.4 -65.4143 -95.091
1568.92 -65.0258 -94.7654
1559.48 -64.6386 -94.4402
1550.07 -64.2527 -94.1156
1540.69 -63.8681 -93.7914
1531.34 -63.4849 -93.4677
1522.03 -63.103 -93.1444
1512.74 -62.7225 -92.8216
1503.49 -62.3432 -92.4993
1494.28 -61.9653 -92.1775
1485.09 -61.5887 -91.8561
1475.94 -61.2134 -91.5351
1466.81 -60.8394 -91.2146
1457.73 -60.4667 -90.8946
1448.67 -60.0954 -90.5751
1439.64 -59.7253 -90.2559
1430.65 -59.3566 -89.9373
1421.69 -58.9891 -89.619
1412.76 -58.623 -89.3013
1403.86 -58.2582 -88.9839
1394.99 -57.8946 -88.667
1386.16 -57.5324 -88.3506
1377.35 -57.1715 -88.0346
1368.58 -56.8118 -87.719
1359.84 -56.4535 -87.4039
1351.13 -56.0964 -87.0891
1342.45 -55.7406 -86.7749
1333.81 -55.3861 -86.461
1325.19 -55.0329 -86.1476
1316.61 -54.681 -85.8346
1308.06 -54.3304 -85.522
1299.54 -53.981 -85.2099
1291.05 -53.6329 -84.8981
1282.59 -53.2861 -84.5868
1274.16 -52.9406 -84.2759
1265.76 -52.5963 -83.9654
1257.4 -52.2533 -83.6553
1249.06 -51.9116 -83.3456
1240.76 -51.5712 -83.0364
1232.49 -51.232 -82.7275
1224.25 -50.8941 -82.4191
1216.03 -50.5574 -82.111
1207.85 -50.222 -81.8034
1199.7 -49.8879 -81.4961
1191.59 -49.555 -81.1893
1183.5 -49.2234 -80.8828
1175.44 -48.893 -80.5767
1167.41 -48.5639 -80.271
1159.42 -48.236 -79.9658
1151.45 -47.9094 -79.6608
1143.51 -47.5841 -79.3563
1135.61 -47.26 -79.0522
1127.73 -46.9371 -78.7484
1119.89 -46.6155 -78.4451
1112.08 -46.2951 -78.1421
1104.29 -45.9759 -77.8394
1096.54 -45.658 -77.5372
1088.81 -45.3414 -77.2353
1081.12 -45.026 -76.9338
1073.46 -44.7118 -76.6327
1065.82 -44.3988 -76.3319
1058.22 -44.0871 -76.0315
1050.65 -43.7766 -75.7314
1043.1 -43.4673 -75.4318
1035.59 -43.1593 -75.1324
1028.11 -42.8524 -74.8335
1020.65 -42.5468 -74.5348
1013.23 -42.2425 -74.2366
1005.84 -41.9393 -73.9387
998.473 -41.6374 -73.6411
991.139 -41.3367 -73.3439
983.834 -41.0372 -73.047
976.559 -40.7389 -72.7505
969.314 -40.4419 -72.4543
962.098 -40.146 -72.1585
954.911 -39.8514 -71.863
947.755 -39.5579 -71.5678
940.627 -39.2657 -71.273
933.529 -38.9747 -70.9785
926.461 -38.6849 -70.6843
919.422 -38.3963 -70.3905
912.412 -38.1089 -70.0969
905.432 -37.8227 -69.8037
898.481 -37.5377 -69.5109
891.559 -37.2539 -69.2183
884.666 -36.9713 -68.9261
877.803 -36.6899 -68.6342
870.969 -36.4097 -68.3426
864.164 -36.1307 -68.0513
857.388 -35.8529 -67.7603
850.641 -35.5763 -67.4697
843.923 -35.3008 -67.1793
837.234 -35.0266 -66.8893
830.574 -34.7535 -66.5996
823.943 -34.4817 -66.3101
817.341 -34.211 -66.021
810.767 -33.9415 -65.7321
804.223 -33.6731 -65.4436
797.708 -33.406 -65.1554
791.221 -33.1401 -64.8674
784.763 -32.8753 -64.5797
778.334 -32.6117 -64.2924
771.933 -32.3493 -64.0053
765.561 -32.088 -63.7185
759.218 -31.8279 -63.432
752.903 -31.569 -63.1457
746.617 -31.3113 -62.8598
740.36 -31.0548 -62.5741
734.131 -30.7994 -62.2887
727.931 -30.5452 -62.0036
721.759 -30.2921 -61.7187
715.616 -30.0402 -61.4342
709.501 -29.7895 -61.1499
703.414 -29.54 -60.8658
697.356 -29.2916 -60.582
691.326 -29.0444 -60.2985
685.324 -28.7983 -60.0153
679.351 -28.5534 -59.7323
673.406 -28.3097 -59.4495
667.49 -28.0671 -59.1671
661.601 -27.8256 -58.8848
655.741 -27.5854 -58.6029
649.909 -27.3463 -58.3211
644.105 -27.1083 -58.0397
638.329 -26.8715 -57.7584
632.581 -26.6358 -57.4775
626.861 -26.4013 -57.1967
621.17 -26.168 -56.9162
615.506 -25.9358 -56.636
609.871 -25.7047 -56.356
604.263 -25.4748 -56.0762
598.683 -25.246 -55.7966
593.132 -25.0184 -55.5173
587.608 -24.7919 -55.2382
582.112 -24.5666 -54.9594
576.644 -24.3424 -54.6807
571.204 -24.1193 -54.4023
565.791 -23.8974 -54.1241
560.406 -23.6767 -53.8462
555.05 -23.457 -53.5684
549.721 -23.2385 -53.2909
544.419 -23.0212 -53.0136
539.146 -22.805 -52.7365
533.9 -22.5899 -52.4596
528.681 -22.3759 -52.1829
523.491 -22.1631 -51.9064
518.328 -21.9514 -51.6302
513.192 -21.7409 -51.3541
508.084 -21.5315 -51.0782
503.004 -21.3232 -50.8026
497.951 -21.116 -50.5271
492.926 -20.91 -50.2519
487.929 -20.7051 -49.9768
482.958 -20.5013 -49.7019
478.016 -20.2986 -49.4272
473.1 -20.0971 -49.1527
468.213 -19.8967 -48.8784
463.352 -19.6974 -48.6043
458.519 -19.4993 -48.3304
453.713 -19.3023 -48.0566
448.935 -19.1063 -47.783
444.184 -18.9116 -47.5096
439.461 -18.7179 -47.2364
434.764 -18.5253 -46.9634
430.095 -18.3339 -46.6905
425.453 -18.1436 -46.4178
420.839 -17.9544 -46.1453
416.252 -17.7663 -45.8729
411.691 -17.5794 -45.6007
407.159 -17.3935 -45.3286
402.653 -17.2088 -45.0568
398.174 -17.0252 -44.785
393.723 -16.8426 -44.5135
389.299 -16.6613 -44.2421
384.902 -16.481 -43.9708
380.532 -16.3018 -43.6997
376.189 -16.1237 -43.4288
371.873 -15.9468 -43.158
367.584 -15.771 -42.8873
363.323 -15.5962 -42.6168
359.088 -15.4226 -42.3464
354.88 -15.2501 -42.0762
350.7 -15.0787 -41.8061
346.546 -14.9084 -41.5362
342.42 -14.7392 -41.2664
338.32 -14.5711 -40.9967
334.247 -14.4041 -40.7271
330.201 -14.2383 -40.4577
326.183 -14.0735 -40.1884
322.191 -13.9098 -39.9192
318.226 -13.7473 -39.6502
314.288 -13.5858 -39.3813
310.376 -13.4254 -39.1125
306.492 -13.2662 -38.8438
302.634 -13.108 -38.5752
298.804 -12.951 -38.3068
295 -12.795 -38.0384
291.223 -12.6401 -37.7702
287.473 -12.4864 -37.5021
283.749 -12.3337 -37.2341
280.053 -12.1822 -36.9662
276.383 -12.0317 -36.6984
272.74 -11.8823 -36.4306
269.123 -11.7341 -36.163
265.534 -11.5869 -35.8955
261.971 -11.4408 -35.6281
258.435 -11.2958 -35.3608
254.926 -11.152 -35.0936
251.443 -11.0092 -34.8264
247.987 -10.8675 -34.5594
244.558 -10.7269 -34.2924
241.155 -10.5874 -34.0256
237.779 -10.449 -33.7588
234.43 -10.3116 -33.492
231.108 -10.1754 -33.2254
227.812 -10.0403 -32.9589
224.542 -9.90624 -32.6924
221.3 -9.7733 -32.426
218.084 -9.64144 -32.1596
214.895 -9.51068 -31.8933
211.732 -9.38101 -31.6271
208.596 -9.25243 -31.361
205.486 -9.12494 -31.0949
202.403 -8.99854 -30.8289
199.347 -8.87323 -30.5629
196.317 -8.74901 -30.297
193.314 -8.62589 -30.0312
190.338 -8.50385 -29.7654
187.388 -8.3829 -29.4997
184.464 -8.26304 -29.234
181.568 -8.14427 -28.9683
178.697 -8.02659 -28.7027
175.854 -7.91 -28.4372
173.036 -7.79449 -28.1717
170.246 -7.68008 -27.9062
167.482 -7.56675 -27.6408
164.744 -7.45451 -27.3754
162.033 -7.34336 -27.11
159.349 -7.2333 -26.8447
156.691 -7.12432 -26.5794
154.059 -7.01643 -26.3141
151.454 -6.90963 -26.0489
148.876 -6.80392 -25.7836
146.324 -6.69929 -25.5184
143.799 -6.59576 -25.2532
141.3 -6.4933 -24.9881
138.828 -6.39194 -24.7229
136.382 -6.29166 -24.4578
133.963 -6.19247 -24.1927
131.57 -6.09437 -23.9276
129.204 -5.99735 -23.6625
126.864 -5.90142 -23.3974
124.551 -5.80658 -23.1323
122.264 -5.71283 -22.8672
120.004 -5.62016 -22.6021
117.77 -5.52858 -22.337
115.563 -5.43808 -22.0719
113.382 -5.34867 -21.8068
111.228 -5.26035 -21.5417
109.1 -5.17312 -21.2766
106.999 -5.08697 -21.0115
104.925 -5.00191 -20.7463
102.877 -4.91794 -20.4812
100.855 -4.83505 -20.216
98.8599 -4.75325 -19.9508
96.8913 -4.67254 -19.6856
94.9493 -4.59292 -19.4204
93.0338 -4.51438 -19.1551
91.1448 -4.43694 -18.8898
89.2823 -4.36058 -18.6245
87.4464 -4.2853 -18.3591
85.637 -4.21112 -18.0937
83.8542 -4.13802 -17.8283
82.0979 -4.06602 -17.5628
80.3682 -3.9951 -17.2973
78.665 -3.92527 -17.0318
76.9884 -3.85652 -16.7662
75.3384 -3.78887 -16.5005
73.7149 -3.72231 -16.2349
72.118 -3.65684 -15.9691
70.5476 -3.59245 -15.7033
69.0039 -3.52916 -15.4375
67.4867 -3.46696 -15.1716
65.9961 -3.40584 -14.9056
64.5322 -3.34582 -14.6396
63.0948 -3.28689 -14.3735
61.6841 -3.22905 -14.1074
60.3 -3.1723 -13.8411
58.9425 -3.11664 -13.5749
57.6117 -3.06208 -13.3085
56.3074 -3.00861 -13.0421
55.0299 -2.95623 -12.7755
53.779 -2.90494 -12.509
52.5548 -2.85475 -12.2423
51.3572 -2.80565 -11.9755
50.1863 -2.75764 -11.7087
49.0422 -2.71073 -11.4418
47.9247 -2.66491 -11.1748
46.8339 -2.62019 -10.9077
45.7699 -2.57656 -10.6405
44.7326 -2.53403 -10.3732
43.722 -2.4926 -10.1058
42.7381 -2.45226 -9.83831
41.7811 -2.41302 -9.57072
40.8508 -2.37488 -9.30303
39.9472 -2.33784 -9.03561
39.0695 -2.30185 -8.77705
38.2177 -2.26692 -8.51837
37.39 -2.23299 -8.27696
36.5856 -2.20001 -8.04352
35.8038 -2.16796 -7.81778
35.0439 -2.1368 -7.59949
34.305 -2.10651 -7.38839
33.5866 -2.07705 -7.18425
32.8879 -2.04841 -6.98683
32.2084 -2.02054 -6.79589
31.5472 -1.99344 -6.61123
30.9046 -1.96709 -6.42647
30.2792 -1.94145 -6.25398
29.6705 -1.91649 -6.08713
29.0779 -1.89219 -5.92575
28.5009 -1.86854 -5.76964
27.9391 -1.8455 -5.61864
27.3918 -1.82306 -5.47256
26.8587 -1.80121 -5.33125
26.3392 -1.77991 -5.19454
25.833 -1.75915 -5.06228
25.34 -1.73894 -4.92992
24.8594 -1.71923 -4.80628
24.3907 -1.70002 -4.68665
23.9336 -1.68128 -4.57088
23.4877 -1.663 -4.45886
23.0527 -1.64516 -4.35046
22.6281 -1.62775 -4.24555
22.2137 -1.61076 -4.14401
21.8092 -1.59418 -4.04574
21.4141 -1.57798 -3.95062
21.0286 -1.56217 -3.85541
20.6519 -1.54673 -3.7664
20.2839 -1.53164 -3.68024
19.9242 -1.51689 -3.59681
19.5726 -1.50248 -3.51605
19.2288 -1.48838 -3.43784
18.8926 -1.4746 -3.36211
18.5637 -1.46111 -3.28878
18.242 -1.44792 -3.21775
17.9271 -1.43501 -3.14897
17.6191 -1.42238 -3.0801
17.3175 -1.41002 -3.01565
17.0222 -1.39791 -2.95321
16.7329 -1.38605 -2.89272
16.4495 -1.37443 -2.83411
16.1718 -1.36304 -2.77732
15.8995 -1.35188 -2.72229
15.6326 -1.34094 -2.66895
15.3709 -1.33021 -2.61726
15.1142 -1.31968 -2.56715
14.8625 -1.30936 -2.51696
14.6155 -1.29924 -2.46993
14.3731 -1.2893 -2.42433
14.1351 -1.27954 -2.38011
13.9013 -1.26996 -2.33722
13.6718 -1.26054 -2.29563
13.4463 -1.2513 -2.25528
13.2246 -1.24221 -2.21614
13.0068 -1.23328 -2.17816
12.7927 -1.2245 -2.14131
12.5823 -1.21587 -2.10438
12.3753 -1.20739 -2.06972
12.1717 -1.19904 -2.03607
11.9713 -1.19082 -2.0034
11.7742 -1.18274 -1.97168
11.5801 -1.17478 -1.94088
11.389 -1.16695 -1.91096
11.2008 -1.15923 -1.8819
11.0154 -1.15163 -1.85368
10.8328 -1.14414 -1.82625
10.6529 -1.13677 -1.79875
10.4756 -1.1295 -1.77288
10.3009 -1.12234 -1.74773
10.1285 -1.11527 -1.72327
9.95859 -1.1083 -1.6995
9.79095 -1.10143 -1.67638
9.62556 -1.09465 -1.65388
9.46236 -1.08796 -1.632
9.30129 -1.08135 -1.61071
9.14229 -1.07483 -1.59
8.98537 -1.0684 -1.56921
8.83041 -1.06205 -1.5496
8.67736 -1.05577 -1.53051
8.52617 -1.04957 -1.51191
8.37679 -1.04345 -1.4938
8.22917 -1.0374 -1.47616
8.08328 -1.03141 -1.45896
7.93906 -1.0255 -1.4422
7.79647 -1.01966 -1.42587
7.65547 -1.01387 -1.40994
7.51608 -1.00816 -1.39395
7.3782 -1.00251 -1.37881
7.24179 -0.996914 -1.36405
7.10683 -0.99138 -1.34965
6.97327 -0.985904 -1.33559
6.84108 -0.980484 -1.32186
6.71024 -0.97512 -1.30846
6.5807 -0.969809 -1.29537
6.45244 -0.96455 -1.28258
6.32543 -0.959343 -1.27009
6.19968 -0.954187 -1.25753
6.07512 -0.94908 -1.24561
5.95172 -0.944021 -1.23396
5.82947 -0.939008 -1.22256
5.70833 -0.934041 -1.21141
5.58828 -0.929119 -1.20051
5.46929 -0.924241 -1.18983
5.35135 -0.919405 -1.17939
5.23444 -0.914612 -1.16916
5.11852 -0.909859 -1.15914
5.00362 -0.905148 -1.14906
4.88967 -0.900477 -1.13946
4.77667 -0.895843 -1.13005
4.66458 -0.891248 -1.12083
4.55341 -0.88669 -1.11178
4.44311 -0.882168 -1.10292
4.33369 -0.877681 -1.09422
4.22512 -0.87323 -1.08569
4.11739 -0.868813 -1.07731
4.01048 -0.86443 -1.06909
3.9044 -0.86008 -1.06081
3.79911 -0.855764 -1.05289
3.6946 -0.851479 -1.04512
3.59085 -0.847225 -1.03748
3.48786 -0.843002 -1.02997
3.3856 -0.838809 -1.02259
3.28406 -0.834647 -1.01534
3.18324 -0.830513 -1.00821
3.08312 -0.826408 -1.00119
2.98369 -0.822331 -0.994289
2.88496 -0.818283 -0.987322
2.7869 -0.814263 -0.980644
2.68949 -0.810269 -0.97407
2.59273 -0.806302 -0.967597
2.49661 -0.802361 -0.961222
2.40111 -0.798446 -0.954942
2.30624 -0.794556 -0.948754
2.21197 -0.790691 -0.942656
2.11831 -0.786851 -0.936645
2.02524 -0.783035 -0.93072
1.93276 -0.779243 -0.92473
1.84087 -0.775476 -0.918972
1.74954 -0.771731 -0.913293
1.65877 -0.76801 -0.907689
1.56855 -0.764311 -0.902158
1.47888 -0.760634 -0.896699
1.38975 -0.75698 -0.89131
1.30115 -0.753347 -0.885989
1.21308 -0.749736 -0.880734
1.12553 -0.746147 -0.875542
1.0385 -0.742578 -0.870287
0.951974 -0.739031 -0.865225
0.865952 -0.735504 -0.860222
0.780424 -0.731997 -0.855276
0.695385 -0.728511 -0.850387
0.61083 -0.725044 -0.845552
0.526753 -0.721597 -0.840771
